image: rotary2d.pgm
resolution: 0.100000
origin: [-244.90000, -102.000000, 0.000000]
negate: 0
occupied_thresh: 0.65
free_thresh: 0.196

