image: FMT3_way.pgm
resolution: 0.100000
origin: [-100.3000, -100.20000, 0.000000]
negate: 0
occupied_thresh: 0.65
free_thresh: 0.196

