image: yatukaho_manual.png
resolution: 0.100000
origin: [-340.00000, -130.000000, 0.000000]
negate: 0
occupied_thresh: 0.65
free_thresh: 0.196

