image: tukuba2013.pgm
resolution: 0.100000
origin: [-375.200000, -116.000000, 0.000000]
negate: 0
occupied_thresh: 0.65
free_thresh: 0.196

