image: FMT3_way.pgm
resolution: 0.100000
origin: [-99.8, -100.10000, 0.000000]
negate: 0
occupied_thresh: 0.65
free_thresh: 0.196

